# Created by Octave 3.8.2, Sun May 22 16:29:59 2016 EEST <mhcrnl@localhost.localdomain>
# name: A
# type: matrix
# rows: 3
# columns: 3
 1 2 3
 4 5 6
 7 8 9


